calib_time: 04-Mar-2010 16:04:01
corner_dist: 1.000000e-01
roi: 2.800000e+01 1.375000e+03 6.600000e+01 4.390000e+02
K1: 8.940403e+02 0.000000e+00 6.661715e+02 0.000000e+00 8.929604e+02 2.440504e+02 0.000000e+00 0.000000e+00 1.000000e+00
D1: -3.700102e-01 1.724003e-01 5.113287e-04 7.341069e-04 -4.290441e-02
R1: 9.999501e-01 2.443053e-03 -9.688211e-03 -2.566491e-03 9.999154e-01 -1.274919e-02 9.656245e-03 1.277342e-02 9.998718e-01
K2: 8.803156e+02 0.000000e+00 6.739609e+02 0.000000e+00 8.802576e+02 2.524300e+02 0.000000e+00 0.000000e+00 1.000000e+00
D2: -3.730525e-01 1.772200e-01 6.922567e-04 1.493090e-03 -4.534923e-02
R2: 9.997971e-01 -1.412758e-02 -1.435859e-02 1.430967e-02 9.998175e-01 1.265937e-02 1.417712e-02 -1.286226e-02 9.998168e-01
R: 9.998474e-01 1.693211e-02 4.306621e-03 -1.681709e-02 9.995341e-01 -2.547061e-02 -4.735886e-03 2.539430e-02 9.996663e-01
T: -5.786164e-01 8.176106e-03 8.309801e-03
P1: 6.471884e+02 0.000000e+00 6.691610e+02 0.000000e+00 0.000000e+00 6.471884e+02 2.481622e+02 0.000000e+00 0.000000e+00 0.000000e+00 1.000000e+00 0.000000e+00
P1_roi: 6.471884e+02 0.000000e+00 6.411610e+02 0.000000e+00 0.000000e+00 6.471884e+02 1.821622e+02 0.000000e+00 0.000000e+00 0.000000e+00 1.000000e+00 0.000000e+00
P2: 6.471884e+02 0.000000e+00 6.691610e+02 -3.745166e+02 0.000000e+00 6.471884e+02 2.481622e+02 0.000000e+00 0.000000e+00 0.000000e+00 1.000000e+00 0.000000e+00
P2_roi: 6.471884e+02 0.000000e+00 6.411610e+02 -3.745166e+02 0.000000e+00 6.471884e+02 1.821622e+02 0.000000e+00 0.000000e+00 0.000000e+00 1.000000e+00 0.000000e+00
